# Created by Octave 4.0.3, Sun Oct 21 13:44:15 2018 IST <pi@raspberrypi>
# name: A
# type: matrix
# rows: 2
# columns: 3
 1 2 3
 4 5 6


# name: A_23
# type: scalar
6


# name: ans
# type: scalar
2


# name: dim_A
# type: matrix
# rows: 1
# columns: 2
 2 3


# name: dim_v
# type: matrix
# rows: 1
# columns: 2
 3 1


# name: m
# type: scalar
2


# name: n
# type: scalar
3


# name: v
# type: matrix
# rows: 3
# columns: 1
 1
 2
 3


